1 0.096094 0.552584 0.104688 0.139063
1 0.044531 0.495553 0.085938 0.112500
1 0.207031 0.565866 0.117188 0.090625
1 0.260156 0.547897 0.139063 0.110937
1 0.318750 0.566647 0.071875 0.073437
1 0.370312 0.547116 0.134375 0.109375
1 0.515625 0.534615 0.093750 0.109375
1 0.204687 0.502584 0.128125 0.123438
1 0.371875 0.461178 0.109375 0.078125
1 0.589844 0.551021 0.089063 0.079688
1 0.679688 0.548678 0.128125 0.081250
1 0.652344 0.483053 0.064062 0.056250
1 0.756250 0.536178 0.131250 0.081250
1 0.910937 0.526022 0.071875 0.057812
