3 0.382812 0.691406 0.200000 0.367187
3 0.275781 0.543750 0.217188 0.193750
3 0.103906 0.511719 0.198437 0.251563
3 0.621094 0.542188 0.107813 0.234375
3 0.706250 0.527343 0.146875 0.235937
3 0.868750 0.492187 0.246875 0.168750
3 0.921094 0.495313 0.157812 0.159375
3 0.360156 0.443750 0.167187 0.162500
3 0.489844 0.443750 0.070312 0.156250
3 0.428125 0.442188 0.068750 0.121875
3 0.299219 0.406250 0.101562 0.040625
3 0.217188 0.392188 0.040625 0.096875
3 0.178906 0.390625 0.057813 0.087500
3 0.126562 0.382812 0.050000 0.075000
3 0.069531 0.408594 0.135937 0.067187
3 0.082031 0.367969 0.064062 0.035938
3 0.524219 0.385156 0.073438 0.057812
3 0.597656 0.407032 0.045312 0.060938
3 0.635156 0.399219 0.054688 0.079687
3 0.667969 0.382031 0.051562 0.060938
3 0.728906 0.385938 0.054688 0.065625
3 0.760938 0.390625 0.046875 0.050000
3 0.797656 0.384375 0.045312 0.065625
3 0.836719 0.393750 0.045312 0.056250
3 0.894531 0.400000 0.045312 0.046875
